speed rdR rdg rqg scaledR
0.5 -0.04 0.00619354807883 -0.0207663083558 -0.02
0.525 -0.0380952380952 0.00619354807883 -0.0207663083558 -0.02
0.55 -0.0363636363636 0.00619354807883 -0.0207663083558 -0.02
0.575 -0.0347826086957 0.00619354807883 -0.0207663083558 -0.02
0.6 -0.0333333333333 0.00619354807883 -0.0207663083558 -0.02
0.625 -0.032 0.00619354807883 -0.0207663083558 -0.02
0.65 -0.0307692307692 0.00619354807883 -0.0207663083558 -0.02
0.675 -0.0296296296296 0.00619354807883 -0.0207663083558 -0.02
0.7 -0.0285714285714 0.00619354807883 -0.0207663083558 -0.02
0.725 -0.0275862068966 0.00619354807883 -0.0207663083558 -0.02
0.75 -0.0266666666667 0.00619354807883 -0.0207663083558 -0.02
0.775 -0.0258064516129 0.00619354807883 -0.0207663083558 -0.02
0.8 -0.025 0.00619354807883 -0.0207663083558 -0.02
0.825 -0.0242424242424 0.00619354807883 -0.0207663083558 -0.02
0.85 -0.0235294117647 0.00619354807883 -0.0207663083558 -0.02
0.875 -0.0228571428571 0.00619354807883 -0.0207663083558 -0.02
0.9 -0.0222222222222 0.00619354807883 -0.0207663083558 -0.02
0.925 -0.0216216216216 0.00619354807883 -0.0207663083558 -0.02
0.95 -0.0210526315789 0.00619354807883 -0.0207663083558 -0.02
0.975 -0.0205128205128 0.00619354807883 -0.0207663083558 -0.02
1 -0.02 0.00619354807883 -0.0207663083558 -0.02
1.025 -0.019512195122 0.00619354807883 -0.0207663083558 -0.02
1.05 -0.0190476190476 0.00619354807883 -0.0207663083558 -0.02
1.075 -0.0186046511628 0.00619354807883 -0.0207663083558 -0.02
1.1 -0.0181818181818 0.00619354807883 -0.0207663083558 -0.02
1.125 -0.0177777777778 0.00619354807883 -0.0207663083558 -0.02
1.15 -0.0173913043478 0.00619354807883 -0.0207663083558 -0.02
1.175 -0.0170212765957 0.00619354807883 -0.0207663083558 -0.02
1.2 -0.0166666666667 0.00619354807883 -0.0207663083558 -0.02
1.225 -0.0163265306122 0.00619354807883 -0.0207663083558 -0.02
1.25 -0.016 0.00619354807883 -0.0207663083558 -0.02
1.275 -0.0156862745098 0.00619354807883 -0.0207663083558 -0.02
1.3 -0.0153846153846 0.00619354807883 -0.0207663083558 -0.02
1.325 -0.0150943396226 0.00619354807883 -0.0207663083558 -0.02
1.35 -0.0148148148148 0.00619354807883 -0.0207663083558 -0.02
1.375 -0.0145454545455 0.00619354807883 -0.0207663083558 -0.02
1.4 -0.0142857142857 0.00619354807883 -0.0207663083558 -0.02
1.425 -0.0140350877193 0.00619354807883 -0.0207663083558 -0.02
1.45 -0.0137931034483 0.00619354807883 -0.0207663083558 -0.02
1.475 -0.0135593220339 0.00619354807883 -0.0207663083558 -0.02
1.5 -0.0133333333333 0.00619354807883 -0.0207663083558 -0.02
1.525 -0.0131147540984 0.00619354807883 -0.0207663083558 -0.02
1.55 -0.0129032258065 0.00619354807883 -0.0207663083558 -0.02
1.575 -0.0126984126984 0.00619354807883 -0.0207663083558 -0.02
1.6 -0.0125 0.00619354807883 -0.0207663083558 -0.02
1.625 -0.0123076923077 0.00619354807883 -0.0207663083558 -0.02
1.65 -0.0121212121212 0.00619354807883 -0.0207663083558 -0.02
1.675 -0.0119402985075 0.00619354807883 -0.0207663083558 -0.02
1.7 -0.0117647058824 0.00619354807883 -0.0207663083558 -0.02
1.725 -0.0115942028986 0.00619354807883 -0.0207663083558 -0.02
1.75 -0.0114285714286 0.00619354807883 -0.0207663083558 -0.02
1.775 -0.0112676056338 0.00619354807883 -0.0207663083558 -0.02
1.8 -0.0111111111111 0.00619354807883 -0.0207663083558 -0.02
1.825 -0.0109589041096 0.00619354807883 -0.0207663083558 -0.02
1.85 -0.0108108108108 0.00619354807883 -0.0207663083558 -0.02
1.875 -0.0106666666667 0.00619354807883 -0.0207663083558 -0.02
1.9 -0.0105263157895 0.00619354807883 -0.0207663083558 -0.02
1.925 -0.0103896103896 0.00619354807883 -0.0207663083558 -0.02
1.95 -0.0102564102564 0.00619354807883 -0.0207663083558 -0.02
1.975 -0.0101265822785 0.00619354807883 -0.0207663083558 -0.02
2 -0.01 0.00619354807883 -0.0207663083558 -0.02
