y d0 q0 dR qR dg qg db qb rd0 rq0 rdR rqR rdg rqg rdb rqb
-1 1.02 -0.92 1.045 -0.92 1.0121740413 -0.94105412599 1.0371740413 -0.94105412599 0 0 0.025 0 -0.00759797349546 -0.0211981067909 0.0174020265045 -0.0211981067909
-0.98 1.019208 -0.90470464 1.043708 -0.90470464 1.01151959019 -0.925713526933 1.03601959019 -0.925713526933 0 0 0.0245 0 -0.00746153308636 -0.0211506089631 0.0170384669136 -0.0211506089631
-0.96 1.018432 -0.88922112 1.042432 -0.88922112 1.01088205723 -0.910185765055 1.03488205723 -0.910185765055 0 0 0.024 0 -0.00732415212812 -0.0211040706873 0.0166758478719 -0.0211040706873
-0.94 1.017672 -0.87355328 1.041172 -0.87355328 1.01026142324 -0.894474679588 1.03376142324 -0.894474679588 0 0 0.0235 0 -0.00718584981563 -0.0210584919636 0.0163141501844 -0.0210584919636
-0.92 1.016928 -0.85770496 1.039928 -0.85770496 1.00965766901 -0.878584109764 1.03265766901 -0.878584109764 0 0 0.023 0 -0.00704664534375 -0.0210138727919 0.0159533546563 -0.0210138727919
-0.9 1.0162 -0.84168 1.0387 -0.84168 1.00907077535 -0.862517894816 1.03157077535 -0.862517894816 0 0 0.0225 0 -0.00690655790737 -0.0209702131724 0.0155934420926 -0.0209702131724
-0.88 1.015488 -0.82548224 1.037488 -0.82548224 1.00850072306 -0.846279873976 1.03050072306 -0.846279873976 0 0 0.022 0 -0.00676560670138 -0.0209275131049 0.0152343932986 -0.0209275131049
-0.86 1.014792 -0.80911552 1.036292 -0.80911552 1.00794749296 -0.829873886474 1.02944749296 -0.829873886474 0 0 0.0215 0 -0.00662381092065 -0.0208857725895 0.0148761890794 -0.0208857725895
-0.84 1.014112 -0.79258368 1.035112 -0.79258368 1.00741106584 -0.813303771545 1.02841106584 -0.813303771545 0 0 0.021 0 -0.00648118976006 -0.0208449916262 0.0145188102399 -0.0208449916262
-0.82 1.013448 -0.77589056 1.033948 -0.77589056 1.00689142252 -0.796573368419 1.02739142252 -0.796573368419 0 0 0.0205 0 -0.00633776241449 -0.020805170215 0.0141622375855 -0.020805170215
-0.8 1.0128 -0.75904 1.0328 -0.75904 1.00638854379 -0.779686516329 1.02638854379 -0.779686516329 0 0 0.02 0 -0.00619354807883 -0.0207663083558 0.0138064519212 -0.0207663083558
-0.78 1.012168 -0.74203584 1.031668 -0.74203584 1.00590241047 -0.762647054507 1.02540241047 -0.762647054507 0 0 0.0195 0 -0.00604856594795 -0.0207284060487 0.0134514340521 -0.0207284060487
-0.76 1.011552 -0.72488192 1.030552 -0.72488192 1.00543300335 -0.745458822186 1.02443300335 -0.745458822186 0 0 0.019 0 -0.00590283521673 -0.0206914632937 0.0130971647833 -0.0206914632937
-0.74 1.010952 -0.70758208 1.029452 -0.70758208 1.00498030324 -0.728125658596 1.02348030324 -0.728125658596 0 0 0.0185 0 -0.00575637508006 -0.0206554800908 0.0127436249199 -0.0206554800908
-0.72 1.010368 -0.69014016 1.028368 -0.69014016 1.00454429095 -0.710651402971 1.02254429095 -0.710651402971 0 0 0.018 0 -0.00560920473281 -0.0206204564399 0.0123907952672 -0.0206204564399
-0.7 1.0098 -0.67256 1.0273 -0.67256 1.00412494728 -0.693039894542 1.02162494728 -0.693039894542 0 0 0.0175 0 -0.00546134336987 -0.0205863923412 0.0120386566301 -0.0205863923412
-0.68 1.009248 -0.65484544 1.026248 -0.65484544 1.00372225304 -0.675294972542 1.02072225304 -0.675294972542 0 0 0.017 0 -0.00531281018611 -0.0205532877945 0.0116871898139 -0.0205532877945
-0.66 1.008712 -0.63700032 1.025212 -0.63700032 1.00333618903 -0.657420476202 1.01983618903 -0.657420476202 0 0 0.0165 0 -0.00516362437642 -0.0205211427998 0.0113363756236 -0.0205211427998
-0.64 1.008192 -0.61902848 1.024192 -0.61902848 1.00296673606 -0.639420244755 1.01896673606 -0.639420244755 0 0 0.016 0 -0.00501380513568 -0.0204899573573 0.0109861948643 -0.0204899573573
-0.62 1.007688 -0.60093376 1.023188 -0.60093376 1.00261387493 -0.621298117432 1.01811387493 -0.621298117432 0 0 0.0155 0 -0.00486337165876 -0.0204597314668 0.0106366283412 -0.0204597314668
-0.6 1.0072 -0.58272 1.0222 -0.58272 1.00227758645 -0.603057933467 1.01727758645 -0.603057933467 0 0 0.015 0 -0.00471234314055 -0.0204304651285 0.0102876568594 -0.0204304651285
-0.58 1.006728 -0.56439104 1.021228 -0.56439104 1.00195785143 -0.584703532091 1.01645785143 -0.584703532091 0 0 0.0145 0 -0.00456073877593 -0.0204021583422 0.00993926122407 -0.0204021583422
-0.56 1.006272 -0.54595072 1.020272 -0.54595072 1.00165465066 -0.566238752535 1.01565465066 -0.566238752535 0 0 0.014 0 -0.00440857775978 -0.0203748111079 0.00959142224022 -0.0203748111079
-0.54 1.005832 -0.52740288 1.019332 -0.52740288 1.00136796495 -0.547667434033 1.01486796495 -0.547667434033 0 0 0.0135 0 -0.00425587928697 -0.0203484234258 0.00924412071303 -0.0203484234258
-0.52 1.005408 -0.50875136 1.018408 -0.50875136 1.00109777511 -0.528993415817 1.01409777511 -0.528993415817 0 0 0.013 0 -0.0041026625524 -0.0203229952957 0.0088973374476 -0.0203229952957
-0.5 1.005 -0.49 1.0175 -0.49 1.00084406195 -0.510220537117 1.01334406195 -0.510220537117 0 0 0.0125 0 -0.00394894675093 -0.0202985267177 0.00855105324907 -0.0202985267177
-0.48 1.004608 -0.47115264 1.016608 -0.47115264 1.00060680626 -0.491352637167 1.01260680626 -0.491352637167 0 0 0.012 0 -0.00379475107745 -0.0202750176918 0.00820524892255 -0.0202750176918
-0.46 1.004232 -0.45221312 1.015732 -0.45221312 1.00038598886 -0.472393555199 1.01188598886 -0.472393555199 0 0 0.0115 0 -0.00364009472685 -0.020252468218 0.00785990527315 -0.020252468218
-0.44 1.003872 -0.43318528 1.014872 -0.43318528 1.00018159055 -0.453347130445 1.01118159055 -0.453347130445 0 0 0.011 0 -0.00348499689399 -0.0202308782962 0.00751500310601 -0.0202308782962
-0.42 1.003528 -0.41407296 1.014028 -0.41407296 0.999993592127 -0.434217202136 1.01049359213 -0.434217202136 0 0 0.0105 0 -0.00332947677377 -0.0202102479265 0.00717052322623 -0.0202102479265
-0.4 1.0032 -0.39488 1.0132 -0.39488 0.999821974407 -0.415007609505 1.00982197441 -0.415007609505 0 0 0.01 0 -0.00317355356105 -0.0201905771089 0.00682644643895 -0.0201905771089
-0.38 1.002888 -0.37561024 1.012388 -0.37561024 0.99966671819 -0.395722191785 1.00916671819 -0.395722191785 0 0 0.0095 0 -0.00301724645073 -0.0201718658434 0.00648275354927 -0.0201718658434
-0.36 1.002592 -0.35626752 1.011592 -0.35626752 0.999527804283 -0.376364788206 1.00852780428 -0.376364788206 0 0 0.009 0 -0.00286057463768 -0.02015411413 0.00613942536232 -0.02015411413
-0.34 1.002312 -0.33685568 1.010812 -0.33685568 0.99940521349 -0.356939238002 1.00790521349 -0.356939238002 0 0 0.0085 0 -0.00270355731678 -0.0201373219686 0.00579644268322 -0.0201373219686
-0.32 1.002048 -0.31737856 1.010048 -0.31737856 0.999298926616 -0.337449380404 1.00729892662 -0.337449380404 0 0 0.008 0 -0.00254621368292 -0.0201214893593 0.00545378631708 -0.0201214893593
-0.3 1.0018 -0.29784 1.0093 -0.29784 0.999208924468 -0.317899054644 1.00670892447 -0.317899054644 0 0 0.0075 0 -0.00238856293097 -0.0201066163021 0.00511143706903 -0.0201066163021
-0.28 1.001568 -0.27824384 1.008568 -0.27824384 0.999135187848 -0.298292099955 1.00613518785 -0.298292099955 0 0 0.007 0 -0.00223062425581 -0.020092702797 0.00476937574419 -0.020092702797
-0.26 1.001352 -0.25859392 1.007852 -0.25859392 0.999077697564 -0.278632355569 1.00557769756 -0.278632355569 0 0 0.0065 0 -0.00207241685233 -0.0200797488439 0.00442758314767 -0.0200797488439
-0.24 1.001152 -0.23889408 1.007152 -0.23889408 0.99903643442 -0.258923660717 1.00503643442 -0.258923660717 0 0 0.006 0 -0.0019139599154 -0.020067754443 0.0040860400846 -0.020067754443
-0.22 1.000968 -0.21914816 1.006468 -0.21914816 0.99901137922 -0.239169854632 1.00451137922 -0.239169854632 0 0 0.0055 0 -0.00175527263991 -0.0200567195941 0.00374472736009 -0.0200567195941
-0.2 1.0008 -0.19936 1.0058 -0.19936 0.999002512771 -0.219374776547 1.00400251277 -0.219374776547 0 0 0.005 0 -0.00159637422073 -0.0200466442972 0.00340362577927 -0.0200466442972
-0.18 1.000648 -0.17953344 1.005148 -0.17953344 0.999009815877 -0.199542265692 1.00350981588 -0.199542265692 0 0 0.0045 0 -0.00143728385275 -0.0200375285525 0.00306271614725 -0.0200375285525
-0.16 1.000512 -0.15967232 1.004512 -0.15967232 0.999033269344 -0.1796761613 1.00303326934 -0.1796761613 0 0 0.004 0 -0.00127802073084 -0.0200293723598 0.00272197926916 -0.0200293723598
-0.14 1.000392 -0.13978048 1.003892 -0.13978048 0.999072853976 -0.159780302604 1.00257285398 -0.159780302604 0 0 0.0035 0 -0.0011186040499 -0.0200221757192 0.0023813959501 -0.0200221757192
-0.12 1.000288 -0.11986176 1.003288 -0.11986176 0.999128550579 -0.139858528835 1.00212855058 -0.139858528835 0 0 0.003 0 -0.000959053004784 -0.0200159386307 0.00204094699522 -0.0200159386307
-0.1 1.0002 -0.09992 1.0027 -0.09992 0.999200339958 -0.119914679225 1.00170033996 -0.119914679225 0 0 0.0025 0 -0.000799386790391 -0.0200106610943 0.00170061320961 -0.0200106610943
-0.08 1.000128 -0.07995904 1.002128 -0.07995904 0.999288202917 -0.0999525930074 1.00128820292 -0.0999525930074 0 0 0.002 0 -0.000639624601595 -0.02000634311 0.0013603753984 -0.02000634311
-0.06 1.000072 -0.05998272 1.001572 -0.05998272 0.999392120263 -0.0799761094132 1.00089212026 -0.0799761094132 0 0 0.0015 0 -0.000479785633278 -0.0200029846777 0.00102021436672 -0.0200029846777
-0.04 1.000032 -0.03999488 1.001032 -0.03999488 0.999512072799 -0.0599890676746 1.0005120728 -0.0599890676746 0 0 0.001 0 -0.000319889080319 -0.0200005857975 0.000680110919681 -0.0200005857975
-0.02 1.000008 -0.01999936 1.000508 -0.01999936 0.999648041332 -0.039995307024 1.00014804133 -0.039995307024 0 0 0.0005 0 -0.0001599541376 -0.0199991464694 0.0003400458624 -0.0199991464694
0 1 0 1 0 0.999800006667 -0.0199986666933 0.999800006667 -0.0199986666933 0 0 0 0 0 -0.0199986666933 0 -0.0199986666933
0.02 1.000008 0.01999936 0.999508 0.01999936 0.999967949607 -2.98591474526e-06 0.999467949607 -2.98591474526e-06 0 0 -0.0005 0 0.0001599541376 -0.0199991464694 -0.0003400458624 -0.0199991464694
0.04 1.000032 0.03999488 0.999032 0.03999488 1.00015185096 0.0199878960797 0.99915185096 0.0199878960797 0 0 -0.001 0 0.000319889080319 -0.0200005857975 -0.000680110919681 -0.0200005857975
0.06 1.000072 0.05998272 0.998572 0.05998272 1.00035169153 0.0399701400578 0.998851691529 0.0399701400578 0 0 -0.0015 0 0.000479785633278 -0.0200029846777 -0.00102021436672 -0.0200029846777
0.08 1.000128 0.07995904 0.998128 0.07995904 1.00056745212 0.0599399067875 0.99856745212 0.0599399067875 0 0 -0.002 0 0.000639624601595 -0.02000634311 -0.0013603753984 -0.02000634311
0.1 1.0002 0.09992 0.9977 0.09992 1.00079911354 0.0798933570368 0.998299113538 0.0798933570368 0 0 -0.0025 0 0.000799386790391 -0.0200106610943 -0.00170061320961 -0.0200106610943
0.12 1.000288 0.11986176 0.997288 0.11986176 1.00104665659 0.0998266515734 0.998046656588 0.0998266515734 0 0 -0.003 0 0.000959053004784 -0.0200159386307 -0.00204094699522 -0.0200159386307
0.14 1.000392 0.13978048 0.996892 0.13978048 1.00131006208 0.119735951165 0.997810062076 0.119735951165 0 0 -0.0035 0 0.0011186040499 -0.0200221757192 -0.0023813959501 -0.0200221757192
0.16 1.000512 0.15967232 0.996512 0.15967232 1.00158931081 0.139617416581 0.997589310806 0.139617416581 0 0 -0.004 0 0.00127802073084 -0.0200293723598 -0.00272197926916 -0.0200293723598
0.18 1.000648 0.17953344 0.996148 0.17953344 1.00188438358 0.159467208587 0.997384383583 0.159467208587 0 0 -0.0045 0 0.00143728385275 -0.0200375285525 -0.00306271614725 -0.0200375285525
0.2 1.0008 0.19936 0.9958 0.19936 1.00219526121 0.179281487952 0.997195261213 0.179281487952 0 0 -0.005 0 0.00159637422073 -0.0200466442972 -0.00340362577927 -0.0200466442972
0.22 1.000968 0.21914816 0.995468 0.21914816 1.0025219245 0.199056415444 0.9970219245 0.199056415444 0 0 -0.0055 0 0.00175527263991 -0.0200567195941 -0.00374472736009 -0.0200567195941
0.24 1.001152 0.23889408 0.995152 0.23889408 1.00286435425 0.218788151831 0.99686435425 0.218788151831 0 0 -0.006 0 0.0019139599154 -0.020067754443 -0.0040860400846 -0.020067754443
0.26 1.001352 0.25859392 0.994852 0.25859392 1.00322253127 0.238472857881 0.996722531269 0.238472857881 0 0 -0.0065 0 0.00207241685233 -0.0200797488439 -0.00442758314767 -0.0200797488439
0.28 1.001568 0.27824384 0.994568 0.27824384 1.00359643636 0.258106694361 0.99659643636 0.258106694361 0 0 -0.007 0 0.00223062425581 -0.020092702797 -0.00476937574419 -0.020092702797
0.3 1.0018 0.29784 0.9943 0.29784 1.00398605033 0.27768582204 0.996486050329 0.27768582204 0 0 -0.0075 0 0.00238856293097 -0.0201066163021 -0.00511143706903 -0.0201066163021
0.32 1.002048 0.31737856 0.994048 0.31737856 1.00439135398 0.297206401685 0.996391353982 0.297206401685 0 0 -0.008 0 0.00254621368292 -0.0201214893593 -0.00545378631708 -0.0201214893593
0.34 1.002312 0.33685568 0.993812 0.33685568 1.00481232812 0.316664594064 0.996312328123 0.316664594064 0 0 -0.0085 0 0.00270355731678 -0.0201373219686 -0.00579644268322 -0.0201373219686
0.36 1.002592 0.35626752 0.993592 0.35626752 1.00524895356 0.336056559946 0.996248953558 0.336056559946 0 0 -0.009 0 0.00286057463768 -0.02015411413 -0.00613942536232 -0.02015411413
0.38 1.002888 0.37561024 0.993388 0.37561024 1.00570121109 0.355378460098 0.996201211092 0.355378460098 0 0 -0.0095 0 0.00301724645073 -0.0201718658434 -0.00648275354927 -0.0201718658434
0.4 1.0032 0.39488 0.9932 0.39488 1.00616908153 0.374626455287 0.996169081529 0.374626455287 0 0 -0.01 0 0.00317355356105 -0.0201905771089 -0.00682644643895 -0.0201905771089
0.42 1.003528 0.41407296 0.993028 0.41407296 1.00665254567 0.393796706283 0.996152545675 0.393796706283 0 0 -0.0105 0 0.00332947677377 -0.0202102479265 -0.00717052322623 -0.0202102479265
0.44 1.003872 0.43318528 0.992872 0.43318528 1.00715158433 0.412885373852 0.996151584335 0.412885373852 0 0 -0.011 0 0.00348499689399 -0.0202308782962 -0.00751500310601 -0.0202308782962
0.46 1.004232 0.45221312 0.992732 0.45221312 1.00766617831 0.431888618763 0.996166178314 0.431888618763 0 0 -0.0115 0 0.00364009472685 -0.020252468218 -0.00785990527315 -0.020252468218
0.48 1.004608 0.47115264 0.992608 0.47115264 1.00819630842 0.450802601784 0.996196308418 0.450802601784 0 0 -0.012 0 0.00379475107745 -0.0202750176918 -0.00820524892255 -0.0202750176918
0.5 1.005 0.49 0.9925 0.49 1.00874195545 0.469623483682 0.996241955451 0.469623483682 0 0 -0.0125 0 0.00394894675093 -0.0202985267177 -0.00855105324907 -0.0202985267177
0.52 1.005408 0.50875136 0.992408 0.50875136 1.00930310022 0.488347425225 0.996303100218 0.488347425225 0 0 -0.013 0 0.0041026625524 -0.0203229952957 -0.0088973374476 -0.0203229952957
0.54 1.005832 0.52740288 0.992332 0.52740288 1.00987972352 0.506970587182 0.996379723525 0.506970587182 0 0 -0.0135 0 0.00425587928697 -0.0203484234258 -0.00924412071303 -0.0203484234258
0.56 1.006272 0.54595072 0.992272 0.54595072 1.01047180618 0.525489130319 0.996471806177 0.525489130319 0 0 -0.014 0 0.00440857775978 -0.0203748111079 -0.00959142224022 -0.0203748111079
0.58 1.006728 0.56439104 0.992228 0.56439104 1.01107932898 0.543899215406 0.996579328978 0.543899215406 0 0 -0.0145 0 0.00456073877593 -0.0204021583422 -0.00993926122407 -0.0204021583422
0.6 1.0072 0.58272 0.9922 0.58272 1.01170227273 0.56219700321 0.996702272735 0.56219700321 0 0 -0.015 0 0.00471234314055 -0.0204304651285 -0.0102876568594 -0.0204304651285
0.62 1.007688 0.60093376 0.992188 0.60093376 1.01234061825 0.580378654499 0.996840618251 0.580378654499 0 0 -0.0155 0 0.00486337165876 -0.0204597314668 -0.0106366283412 -0.0204597314668
0.64 1.008192 0.61902848 0.992192 0.61902848 1.01299434633 0.59844033004 0.996994346333 0.59844033004 0 0 -0.016 0 0.00501380513568 -0.0204899573573 -0.0109861948643 -0.0204899573573
0.66 1.008712 0.63700032 0.992212 0.63700032 1.01366343779 0.616378190602 0.997163437785 0.616378190602 0 0 -0.0165 0 0.00516362437642 -0.0205211427998 -0.0113363756236 -0.0205211427998
0.68 1.009248 0.65484544 0.992248 0.65484544 1.01434787341 0.634188396953 0.997347873413 0.634188396953 0 0 -0.017 0 0.00531281018611 -0.0205532877945 -0.0116871898139 -0.0205532877945
0.7 1.0098 0.67256 0.9923 0.67256 1.01504763402 0.65186710986 0.997547634021 0.65186710986 0 0 -0.0175 0 0.00546134336987 -0.0205863923412 -0.0120386566301 -0.0205863923412
0.72 1.010368 0.69014016 0.992368 0.69014016 1.01576270042 0.669410490091 0.997762700415 0.669410490091 0 0 -0.018 0 0.00560920473281 -0.0206204564399 -0.0123907952672 -0.0206204564399
0.74 1.010952 0.70758208 0.992452 0.70758208 1.0164930534 0.686814698415 0.9979930534 0.686814698415 0 0 -0.0185 0 0.00575637508006 -0.0206554800908 -0.0127436249199 -0.0206554800908
0.76 1.011552 0.72488192 0.992552 0.72488192 1.01723867378 0.704075895598 0.998238673781 0.704075895598 0 0 -0.019 0 0.00590283521673 -0.0206914632937 -0.0130971647833 -0.0206914632937
0.78 1.012168 0.74203584 0.992668 0.74203584 1.01799954236 0.72119024241 0.998499542362 0.72119024241 0 0 -0.0195 0 0.00604856594795 -0.0207284060487 -0.0134514340521 -0.0207284060487
0.8 1.0128 0.75904 0.9928 0.75904 1.01877563995 0.738153899618 0.99877563995 0.738153899618 0 0 -0.02 0 0.00619354807883 -0.0207663083558 -0.0138064519212 -0.0207663083558
0.82 1.013448 0.77589056 0.992948 0.77589056 1.01956694735 0.754963027989 0.999066947349 0.754963027989 0 0 -0.0205 0 0.00633776241449 -0.020805170215 -0.0141622375855 -0.020805170215
0.84 1.014112 0.79258368 0.993112 0.79258368 1.02037344536 0.771613788292 0.999373445365 0.771613788292 0 0 -0.021 0 0.00648118976006 -0.0208449916262 -0.0145188102399 -0.0208449916262
0.86 1.014792 0.80911552 0.993292 0.80911552 1.0211951148 0.788102341295 0.999695114802 0.788102341295 0 0 -0.0215 0 0.00662381092065 -0.0208857725895 -0.0148761890794 -0.0208857725895
0.88 1.015488 0.82548224 0.993488 0.82548224 1.02203193647 0.804424847766 1.00003193647 0.804424847766 0 0 -0.022 0 0.00676560670138 -0.0209275131049 -0.0152343932986 -0.0209275131049
0.9 1.0162 0.84168 0.9937 0.84168 1.02288389116 0.820577468471 1.00038389116 0.820577468471 0 0 -0.0225 0 0.00690655790737 -0.0209702131724 -0.0155934420926 -0.0209702131724
0.92 1.016928 0.85770496 0.993928 0.85770496 1.02375095969 0.836556364181 1.00075095969 0.836556364181 0 0 -0.023 0 0.00704664534375 -0.0210138727919 -0.0159533546563 -0.0210138727919
0.94 1.017672 0.87355328 0.994172 0.87355328 1.02463312287 0.852357695661 1.00113312287 0.852357695661 0 0 -0.0235 0 0.00718584981563 -0.0210584919636 -0.0163141501844 -0.0210584919636
0.96 1.018432 0.88922112 0.994432 0.88922112 1.02553036149 0.86797762368 1.00153036149 0.86797762368 0 0 -0.024 0 0.00732415212812 -0.0211040706873 -0.0166758478719 -0.0211040706873
0.98 1.019208 0.90470464 0.994708 0.90470464 1.02644265636 0.883412309007 1.00194265636 0.883412309007 0 0 -0.0245 0 0.00746153308636 -0.0211506089631 -0.0170384669136 -0.0211506089631
1 1.02 0.92 0.995 0.92 1.02736998829 0.898657912408 1.00236998829 0.898657912408 0 0 -0.025 0 0.00759797349546 -0.0211981067909 -0.0174020265045 -0.0211981067909
