id_plot iq_plot relative_iq rd_mWb rq_mWb req_mOhm
-99.72 7.48183365197 0.0747378123071 -0.195455294255 -0.148264533617 nan
-97.49 22.2746522439 0.222506788582 -0.248534773872 -0.7791728614 4.67374311817
-93.09 36.5942999779 0.365549148842 -0.134616494725 -0.904340174702 1.54089640968
-89.69 7.42453490491 0.0741654415218 -0.16742642598 -0.551731034316 nan
-87.25 22.1682180827 0.221443592482 -0.307490013284 -0.478520594949 5.81016999611
-86.6 50.0285799619 0.499747360488 0.0919050585893 -0.940519705992 -0.769502171524
-82.42 36.2096487737 0.361706776659 -0.146125502157 -1.00503711726 1.69040322907
-78.18 62.4141423125 0.623469682761 0.132734052304 -1.09025428025 -0.890815891292
-75.34 49.1835628332 0.491306283809 0.0570723189504 -1.06840673384 -0.486064768009
-73.56 14.7055193303 0.146896923229 -0.314923047197 -0.792485459389 8.97041815207
-69.29 28.6390673025 0.28608244132 -0.119356671724 -0.872909109659 1.74572744326
-68.02 73.4263129223 0.733472868933 0.239280546325 -0.959637772029 -1.36503654992
-66.22 60.9332678638 0.608676876378 0.0854674347504 -1.10802930432 -0.587536441195
-62.36 41.6804117732 0.416355526853 -0.327322589284 -1.24683918851 3.28952041851
-59.56 7.12408340365 0.0711641601577 -0.12152097268 -1.0181392512 nan
-56.33 82.6658042518 0.825768340995 0.405408329426 -1.15832414293 -2.0542598655
-56.1 21.3380823308 0.213151169408 -0.412819894181 -0.786818932156 8.1038956654
-55.28 71.1274601391 0.710509082805 0.132991499961 -1.12379150177 -0.783204533479
-53.03 52.9380766982 0.528811014013 -0.068993744411 -1.1624884579 0.545921459194
-49.38 34.1871384705 0.341503441159 -0.355902197916 -1.09152516635 4.36070319773
-43.39 90.1146920198 0.900177049047 0.510458354619 -1.23936409696 -2.37275732498
-42.84 79.2573132703 0.791720115509 0.241508122464 -1.21903196527 -1.27638298097
-41.67 62.4111559765 0.623439851541 -0.22744174025 -1.41361218471 1.5264990991
-39.79 44.9050914633 0.448567617717 -0.412888906594 -1.24870680799 3.85146750902
-29.48 95.5501047929 0.954472677438 0.490947939448 -1.12108742244 -2.15225082618
-29.22 85.043635082 0.849521057582 0.342199808666 -1.08942388244 -1.68549146004
-28.7 69.2061603006 0.69131676266 0.0482371220595 -1.04950765491 -0.291961269795
-27.88 53.1113998685 0.530542380302 -0.346452703712 -1.09542463018 2.73240339235
-14.9 98.7822211025 0.986759054459 0.509617824953 -0.822544988553 -2.16099833505
-14.81 88.6207727556 0.885253934906 0.514270611539 -1.10647657411 -2.43077512556
-14.63 73.6599161102 0.735806386628 0.00149792514478 -1.07796096786 -0.00851819348337
-14.36 58.3066966495 0.582439433052 -0.393801314989 -0.931096040699 2.8290937159
0 15.0267997697 0.1501062698 -1.21655467739 -0.535956534813 33.912026475
0 30.0109369144 0.299786372513 -0.927766528794 -0.641258300544 12.9493436317
0 44.8809346723 0.448326309797 -0.477973954246 -0.643832186033 4.46098690303
0 60.0188381693 0.599542421103 -0.269556556257 -0.705463492802 1.88126910971
0 74.9316236978 0.748509775584 0.13032175477 -0.822929961526 -0.728518164844
0 89.9322411529 0.898354504029 0.33628274153 -0.809020839199 -1.56631018609
0 100.107742266 1 0.476565475374 -0.833627111664 -1.99408432355
