id_plot iq_plot psi_d_mWb psi_q_mWb
0.0349617799075 0.0362393057248 46.6987118912 -0.291765399965
-0.0317035060469 -15.0977804741 48.2322542077 -11.5156800344
-11.7356003594 -9.30553056108 43.7741283436 -7.9873594373
-15.0638301964 -0.0894874535743 41.9998001436 -1.79889790815
-14.5639441265 3.39841295223 41.7507420279 0.793089313981
-6.49677709425 13.358411976 43.8045504179 8.39065187536
-0.042824380999 14.9558190653 45.7991448529 10.4437669648
-0.0427765195611 29.909894522 46.5012914632 20.7161841373
-14.0161330476 26.7279719387 41.982862902 17.3604569961
-24.7917376303 16.9515481621 38.843051511 10.3910679797
-29.8220096144 3.61888732787 37.5585686475 1.15100048855
-30.022002702 -0.0920401601735 37.6766993746 -1.55452742422
-28.0344846454 -10.6675707569 38.6189140083 -8.68195186983
-19.8436347258 -22.5123544478 41.7274546634 -16.7571068363
-7.23553374711 -29.1354204613 45.9313163319 -21.3385909168
0.0638676020843 -30.1119793069 48.3568245208 -21.9987007384
0.197038183091 -44.800243012 48.4143177871 -32.0175116476
-14.6593204747 -42.4009907752 43.7323233375 -30.3988417495
-27.6100010876 -35.5189193395 39.4053401741 -25.3066817158
-37.7246130024 -24.6574940541 35.9596946896 -17.8647731555
-43.5325790002 -11.038211136 33.9964142301 -8.64537440425
-44.9077768262 -0.0470159136683 33.4464424813 -1.2217764012
-44.8106177734 3.75740016543 33.3193398443 1.09365231887
-41.1769208698 18.0418502641 34.120886985 10.987385847
-33.1686566591 30.5771590232 36.6252454349 19.0763834603
-21.4450045774 39.4254319943 40.4104520804 25.946075013
-7.41876705799 44.417490383 44.8335561803 30.0318617485
0.0124522403242 44.9616263325 47.4583698786 30.7298472755
-0.110755134007 60.1299263349 47.9830455495 40.9264351369
-14.4397643797 58.1980975771 43.4253047663 39.0466737771
-27.805071754 53.1634721376 39.0549668705 34.8711030352
-39.983862493 44.8801429049 35.1662864845 28.7519314087
-49.2752537733 34.3143904399 31.9860600952 21.6444365761
-56.1598683547 21.3816624387 29.7930405182 13.2125539222
-59.5031430686 7.0916719054 29.0166681572 3.58482825074
-59.718915829 -0.254448127923 29.0947064013 -0.984987138519
-59.4051659499 -7.1564949019 29.2597101026 -5.62110675313
-55.9451185196 -21.2945022229 30.6186803065 -14.7861917865
-49.3256262173 -34.059886501 32.697864491 -23.8274869088
-39.6032837692 -44.9300400218 35.9920642976 -31.2493450246
-27.8534374116 -53.0593275994 39.7478722779 -37.0619522956
-14.2568350956 -58.415295722 44.2129073963 -40.9088658585
0.0528184219455 -59.8879074641 48.4785740753 -42.3393536556
0.0160963069987 -59.9275925434 48.5657432487 -42.3353705894
-0.0264102861902 -74.9038933549 48.5931686469 -51.8896220176
-14.5919933534 -73.6382994057 44.2696924022 -50.6323541016
-28.7545832014 -69.1508093639 39.6320764474 -47.6446722933
-41.6174348706 -62.4270332413 35.7983438721 -42.6156058436
-53.0369427485 -52.9409798318 31.9021355895 -36.3068461249
-62.1879020221 -41.6502117794 29.085315046 -28.4328737525
-69.2877030333 -28.6639174956 26.6399879434 -19.839066879
-73.2865506818 -14.6829622022 25.4549773222 -10.3188517857
-75.0467664892 0.0954411223756 24.6380003224 -0.960616625627
-74.982759724 -0.0534410990892 24.723118659 -0.84489793516
-73.8309976298 14.7280764584 24.8251312278 8.73388086695
-68.9035321454 28.6142171093 26.4012746 18.0932486597
-62.7942385803 41.7106117671 28.4306698674 25.9391953755
-52.8234548901 52.9351735647 31.7641481007 33.9818692091
-42.1898543471 62.3952787117 35.3434603916 39.7883814742
-28.7103342827 69.2615112373 39.7285506915 45.5456569834
-14.845802711 73.6815328148 44.2726882525 48.4764321659
0.0208130444301 74.872792095 48.9304884232 50.3125793815
-0.124891307574 75.0459159864 48.7771358897 50.1749448075
0.0758687740462 89.850417878 49.4681529158 58.6670932486
-14.7769063672 88.7498745915 45.0556702209 57.4752352354
-28.9087223742 85.0243902638 40.6378818334 55.0225567336
-43.1240555518 79.3524122534 35.9579870755 50.7770742405
-55.3360516791 70.9827247828 32.1209440204 45.3903054417
-66.2424374407 60.9442963339 28.2264781666 38.7266005473
-75.0074517629 49.002232042 25.3002927142 30.9067553394
-82.4646204808 36.2073736087 22.7258182826 22.4125268386
-86.9226343189 22.0527932814 21.0577130555 13.7690331386
-89.7105463617 7.2476068736 20.3096964619 4.43297673583
-89.6096029193 -0.0837111421794 20.6004567503 -0.24102699851
-89.5875788627 -7.60146293622 20.6445493139 -5.53643880446
-87.0059106759 -22.2836428839 21.672693082 -14.7260743285
-82.4189023151 -36.2119239387 23.0180692869 -24.4226010731
-75.2565902553 -49.3648936245 25.1861480763 -33.0435688071
-66.2403150532 -60.9222393937 28.0555432971 -40.942659156
-55.1612497694 -71.2721954955 31.8549610205 -47.6378884452
-42.9797885321 -79.1622142871 35.4749708306 -53.215138171
-29.0454498057 -85.0628799003 39.9534822161 -57.2014044985
-14.867694002 -88.4916709197 44.0271289978 -59.6881883836
-0.158317271763 -90.2038024461 48.8292309132 -60.4986255847
0.0865743946487 -89.8243264095 48.7619439523 -60.0716442694
-0.0279790553764 -100.239087263 48.8318203207 -65.2102711994
-14.8750931019 -98.6793885943 44.2136467269 -64.4857590178
-29.5662653245 -95.6991287473 40.0200721441 -62.7367012515
-43.4370969089 -90.1298152367 35.5657665829 -59.423389777
-56.4258080652 -82.7040343553 31.5786424041 -54.8179844888
-68.0584257186 -73.3941603017 27.8160869433 -48.4144466058
-78.0338701732 -62.554359254 24.7069610997 -41.3053881096
-86.6977951544 -49.9671243213 21.7697403167 -33.2881117522
-92.7301597561 -36.7241016471 20.0556386825 -24.2528256476
-97.4536411402 -22.3979931214 18.6355844819 -14.8915617675
-99.7379553734 -7.564035389 17.8944620741 -5.36881391994
-99.8842642107 -0.158992462205 17.6411646399 -0.430280621666
-99.3406635505 7.39963191494 17.5035514856 5.07228485271
-97.4265150699 22.1513113664 18.1385149342 13.3332160447
-92.9232906784 36.4644983086 19.786405693 22.4441452982
-86.4066442798 50.0900356025 21.9535504338 31.4070723403
-78.4188099611 62.273925371 24.9724292043 39.1248795491
-68.1962480032 73.4584655428 28.294648036 46.4951710618
-56.4288856611 82.6275741483 32.389459063 52.501336203
-43.5791499822 90.099568803 36.5866832922 56.9446615831
-29.3221208477 95.4010808386 41.001968023 60.4945264066
-14.9485355391 98.8850536107 45.2328823768 62.8406690407
0.11797741284 99.9823233025 49.8487679796 63.7602598429
-0.318720195919 99.9704712349 49.7211345634 63.3257741093
