predicted_mWb observed_mWb req_low_mOhm req_high_mOhm id_key iq_key difference_mOhm
-0.0828449246239 -0.00579833774528 4.67374311817 0.328106976867 -97.49 22.25 -4.3456361413
-0.0448721649084 0.0358514327047 1.54089640968 -1.23387714369 -93.09 36.53 -2.77477355337
-0.102496671095 0.0488732823425 5.81016999611 -2.79860598091 -87.25 22.09 -8.60877597701
0.0306350195298 0.0039038181351 -0.769502171524 -0.0979236503643 -86.6 50 0.671578521159
-0.0487085007189 -0.00943082431797 1.69040322907 0.328057568273 -82.42 36.15 -1.36234566079
0.0442446841014 0.166302069816 -0.890815891292 -3.35977596282 -78.18 62.35 -2.46896007153
0.0190241063168 0.0476392581432 -0.486064768009 -1.21355585896 -75.34 49.23 -0.727491090949
-0.104974349066 0.0711663650107 8.97041815207 -6.20786417269 -73.56 14.63 -15.1782823248
-0.0397855572413 -0.101865170011 1.74572744326 4.4436736149 -69.29 28.7 2.69794617164
0.0797601821085 0.0894157377127 -1.36503654992 -1.53338504918 -68.02 73.31 -0.168348499267
0.0284891449168 0.0249439772319 -0.587536441195 -0.513108940864 -66.22 60.96 0.0744275003313
-0.109107529761 0.0175262295415 3.28952041851 -0.528843780003 -62.36 41.67 -3.81836419851
0.135136109809 0.199651251189 -2.0542598655 -3.03614530299 -56.33 82.62 -0.981885437492
-0.137606631394 -0.0378680548392 8.1038956654 2.23414601999 -56.1 21.28 -5.86974964542
0.0443304999871 0.169044292562 -0.783204533479 -2.98875518204 -55.28 71.02 -2.20555064856
-0.0229979148037 0.0588376191084 0.545921459194 -1.3922662654 -53.03 53.03 -1.9381877246
-0.118634065972 -0.0688977616836 4.36070319773 2.53972672006 -49.38 34.08 -1.82097647767
0.170152784873 0.233018756133 -2.37275732498 -3.24669630806 -43.39 90.1 -0.873938983083
0.0805027074879 0.125988776399 -1.27638298097 -1.99795374211 -42.84 79.15 -0.721570761147
-0.0758139134167 0.0864565000512 1.5264990991 -1.74320875545 -41.67 62.36 -3.26970785455
-0.137629635531 0.00930491662315 3.85146750902 -0.260753794955 -39.79 44.91 -4.11222130397
0.163649313149 0.337611814144 -2.15225082618 -4.43277018856 -29.48 95.56 -2.28051936239
0.114066602889 0.303715977086 -1.68549146004 -4.47571302614 -29.22 85.12 -2.79022156609
0.0160790406865 0.0825472632768 -0.291961269795 -1.496450222 -28.7 69.29 -1.20448895221
-0.115484234571 0.050786028198 2.73240339235 -1.20101449596 -27.88 53.13 -3.9334178883
0.169872608318 0.593869304645 -2.16099833505 -7.54117520686 -14.9 98.88 -5.38017687182
0.17142353718 0.377207387059 -2.43077512556 -5.33405421771 -14.81 88.77 -2.90327909214
0.000499308381593 0.0584785720816 -0.00851819348337 -1.00021817622 -14.63 73.56 -0.991699982733
-0.131267104996 -0.000458635221207 2.8290937159 0.00991103274969 -14.36 58.26 -2.81918268315
-0.405518225796 -0.337257291944 33.912026475 28.2668679714 0 15 -5.64515850358
-0.309255509598 -0.180574955726 12.9493436317 7.55758902021 0 30 -5.39175461148
-0.159324651415 -0.09279844863 4.46098690303 2.59295810121 0 45 -1.86802880182
-0.0898521854191 0.0892524246029 1.88126910971 -1.86711077714 0 60 -3.74837988685
0.0434405849233 0.151672132336 -0.728518164844 -2.53904479063 0 75 -1.81052662578
0.112094247177 0.464933113308 -1.56631018609 -6.48867454925 0 90 -4.92236436316
0.158855158458 0.557587765596 -1.99408432355 -6.99120346323 0 100 -4.99711913968
