id_plot iq_plot relative_iq rd_mWb rq_mWb req_mOhm
-99.72 7.48935259753 0.0747262380341 -0.0628971732631 -1.06482747599 nan
-97.49 22.2074098363 0.221578056572 -0.00579833774528 -0.825792918516 0.328106976867
-93.09 36.512743001 0.364311853293 0.0358514327047 -1.14460907514 -1.23387714369
-89.69 7.38404623139 0.0736755265766 -0.0428329736781 -0.680731202367 nan
-87.25 21.9452035494 0.218961850545 0.0488732823425 -1.2556581164 -2.79860598091
-86.6 50.0970146784 0.499851141324 0.0039038181351 -0.894257594951 -0.0979236503643
-82.42 36.1251332205 0.360444413438 -0.00943082431797 -0.956951914369 0.328057568273
-78.18 62.2009760879 0.620620392025 0.166302069816 -0.968178376277 -3.35977596282
-75.34 49.3304506093 0.492202623198 0.0476392581432 -1.11141670013 -1.21355585896
-73.56 14.4059678679 0.143737895898 0.0711663650107 -0.897176517763 -6.20786417269
-69.29 28.8066944151 0.287423495663 -0.101865170011 -1.05244559507 4.4436736149
-68.02 73.2778306045 0.731141516047 0.0894157377127 -0.868286436898 -1.53338504918
-66.22 61.0894173788 0.609529633564 0.0249439772319 -0.815280188831 -0.513108940864
-62.36 41.6457759775 0.415527527684 0.0175262295415 -1.16268576185 -0.528843780003
-59.56 7.17898828101 0.071629527405 0.0497583708942 -0.914936514365 nan
-56.33 82.6341089008 0.82449530998 0.199651251189 -0.913504547253 -3.03614530299
-56.1 21.2995931017 0.212520166919 -0.0378680548392 -1.09518639994 2.23414601999
-55.28 71.0755181065 0.709167583614 0.169044292562 -1.03705687188 -2.98875518204
-53.03 53.1058854298 0.529872640386 0.0588376191084 -1.05175197322 -1.3922662654
-49.38 34.0900775259 0.340139313062 -0.0688977616836 -1.03187603307 2.53972672006
-43.39 90.1901432047 0.899886875624 0.233018756133 -0.759769821341 -3.24669630806
-42.84 79.2421578193 0.790651564394 0.125988776399 -0.770364175002 -1.99795374211
-41.67 62.3244013816 0.62185188804 0.0864565000512 -0.913250651952 -1.74320875545
-39.79 44.8426957094 0.447425316145 0.00930491662315 -1.02390100965 -0.260753794955
-29.48 95.7088908254 0.954951080839 0.337611814144 -0.704881020177 -4.43277018856
-29.22 85.2737319679 0.850832579999 0.303715977086 -1.03973166396 -4.47571302614
-28.7 69.3186775134 0.691638419826 0.0825472632768 -0.75223544218 -1.496450222
-27.88 53.138080724 0.530193874189 0.050786028198 -1.00151924707 -1.20101449596
-14.9 98.9604613863 0.987394156866 0.593869304645 -0.498579660766 -7.54117520686
-14.81 88.8653851421 0.886668885813 0.377207387059 -0.767002418121 -5.33405421771
-14.63 73.4703115031 0.733062025631 0.0584785720816 -0.841800851989 -1.00021817622
-14.36 58.1511565146 0.580212656178 -0.000458635221207 -0.870562841562 0.00991103274969
0 14.9931719611 0.149596820587 -0.337257291944 -0.631361250746 28.2668679714
0 30.0250756062 0.299580092874 -0.180574955726 -0.762158099078 7.55758902021
0 44.9733336369 0.448728777391 -0.09279844863 -0.632548848639 2.59295810121
0 60.0703000337 0.599361223903 0.0892524246029 -0.627411478499 -1.86711077714
0 75.0663491183 0.74898675146 0.151672132336 -0.735845114901 -2.53904479063
0 90.0418377955 0.898407134196 0.464933113308 -0.689191067788 -6.48867454925
0 100.223867741 1 0.557587765596 -0.615883761939 -6.99120346323
