id_plot iq_plot psi_d_mWb psi_q_mWb
-0.0276115100508 0.0228376580561 46.9228208737 -0.663746107399
-0.0189859778492 -15.0660178113 47.5107882019 -11.4937017312
-11.8243440013 -9.52380037833 43.6883118365 -7.41133956392
-15.0435922133 -0.0257343947527 42.4107874996 -1.30079521161
-14.4297315912 3.22485043583 42.3667764305 1.26614073441
-6.40380924985 13.5300070946 44.8492731986 8.57119172647
0.0421205498864 14.9203261109 46.836273618 10.2309792297
-0.133472101093 29.9746485008 47.3148967562 20.2839794259
-13.9278788388 26.517951264 42.9184965699 17.4513479547
-24.4610030297 16.9452641594 39.6208688955 10.7193102694
-29.9531507758 3.56459861129 37.9300631496 1.43471551093
-29.7710319882 -0.172606346752 37.9766743394 -0.939880246622
-27.9790969127 -10.5860880543 38.640528303 -7.98290653118
-19.8769039157 -22.4013495926 41.3830525561 -16.392218628
-7.10009586894 -29.063564463 45.4252631408 -20.9823336247
-0.135985684062 -30.0755027116 47.6760466677 -21.808295624
0.149889444202 -45.077086158 48.0380816771 -32.0027483957
-14.7584253738 -42.4382189783 43.3904416364 -30.4035973917
-27.3170457838 -35.617364813 39.2724378099 -25.171428727
-37.5474718529 -24.5297887229 36.0190577692 -17.6090471975
-43.3738938463 -11.2920911918 34.073517745 -8.48964779585
-44.802401894 -0.0746757631305 33.508763102 -1.13617094081
-44.6908508893 3.45423596694 33.5438546258 1.34600186484
-40.9903747052 17.7918742265 34.733558336 11.0284229966
-33.0611252834 30.4774526343 37.2996393872 19.378453296
-21.5532239764 39.6451474474 41.0250567571 26.1573358299
-7.41557918287 44.3433291454 45.5236628882 30.2222447947
-0.0229949013479 44.8695811158 47.8524847799 30.7376506984
-0.0486112810895 60.0533062704 48.6213862076 40.9475683462
-14.32428448 58.151990604 43.9560908122 38.9724693686
-27.7508649187 52.9933170527 39.6520516518 35.0504460204
-39.6411355175 44.9706497648 35.7824570815 29.0555199053
-49.4416422509 34.0308903017 32.5321618258 21.5309714457
-56.0317773578 21.2966474923 30.3297611748 12.9066204632
-59.5244665062 7.23134933316 29.2929593459 3.64691915993
-59.9925690087 -0.0466625440542 29.0547540767 -0.684296790817
-59.9176955681 -7.12662722886 29.1934426041 -5.47679218866
-56.2157893087 -21.3025387111 30.4054972845 -15.0969932631
-49.2728139682 -34.1492647502 32.6699573492 -23.5947235119
-39.8567654377 -44.7147416541 35.7638472483 -31.1033219246
-27.695459905 -53.2828443952 39.5504795954 -37.0534845146
-14.5198793695 -58.1503224252 43.9570080827 -40.7135950517
0.00877035312219 -60.1215549165 48.4666529897 -42.1105631496
-0.175683587777 -60.0530326776 48.419109727 -42.2942194568
0.18234468651 -75.1259180131 48.7977576885 -51.7489957361
-14.745240825 -73.4523138339 44.3792821769 -50.5781446722
-28.594062797 -69.3552801326 39.8568107438 -47.2291858105
-41.8561012581 -62.2479149228 35.7048986576 -42.388444001
-52.9797024168 -53.1805664226 31.9751028126 -36.0539035238
-62.3729685405 -41.6555056719 28.9055852066 -28.5417530766
-68.974524806 -28.8991728004 26.8290003086 -19.5907601191
-73.7413559091 -14.5534787808 25.1952946549 -10.3907848938
-74.6622680463 -0.261303594357 24.8530429064 -0.809717766044
-75.218872914 0.107531169853 24.6704131178 -1.13339264381
-73.2349821244 14.258456955 25.3376273849 8.59643185832
-69.2555704451 28.7142160297 26.6252699686 17.4858689289
-62.3194096337 41.6360462831 28.9406376657 26.2163815529
-52.8042957654 53.0312044369 32.0927780508 33.9503995774
-41.7322690658 62.4008878404 35.8778116578 40.5619426971
-28.5404040718 69.2820748943 40.0219052704 45.7247149262
-14.6464598586 73.4883091722 44.496239321 48.8945429682
-0.141626722421 75.0792317701 49.0722307048 50.3279734854
-0.128860080158 74.9343286768 49.1299732015 50.2266375272
-0.204255521056 90.0219167087 49.8832267598 58.9374480115
-14.6976860689 88.7087443814 45.1125436642 57.997484708
-29.3130184343 85.210395279 40.7357926629 55.1001569994
-43.0619497556 79.200094354 36.1726172413 51.3132148386
-55.1954394992 71.0544870268 32.2397037375 45.5158048702
-66.2982893103 61.1039500288 28.3983349558 38.9502268605
-75.3237055343 49.2867805957 25.3650368668 30.851461974
-82.4704419864 36.0285595361 22.9677731356 22.1443412906
-87.0605330402 22.0636125653 21.3982708993 13.0700397932
-89.4725206463 7.05277317536 20.5704590082 4.05119921847
-90.048867034 0.194546403637 20.3946418012 -0.567576502908
-89.6931970372 -7.71531928741 20.6561249555 -5.41266162321
-87.3860424984 -21.8267945335 21.3005243346 -15.581356026
-82.426575588 -36.2217069049 22.9866347842 -24.0582451193
-75.26206203 -49.374120623 25.2697583505 -33.0742953743
-65.990434818 -61.0748847287 28.3484470014 -40.5807872382
-55.1836217562 -71.0965491863 31.9016151524 -47.5899186139
-42.647651049 -79.2842212846 35.9206396885 -52.8539431886
-29.1983154462 -85.3370686567 40.1283607087 -57.1796203273
-15.0656608374 -89.0220259028 44.3581288901 -59.5314895443
-0.255717956605 -89.9757410006 48.9015191871 -60.4722444522
0.276024317242 -90.1477767641 49.0052018793 -60.159415842
0.0676494312332 -100.392077758 49.0468742362 -65.4490585615
-15.2826874848 -98.9226404736 44.6095580096 -64.4453165745
-29.5732727195 -95.7815960939 40.5530974791 -62.4293735308
-43.0784563485 -90.2629654504 36.126622596 -59.0910418016
-56.3006150722 -82.5755229138 31.9351679723 -54.4321374325
-67.7732695529 -73.5056210302 28.2317237698 -48.2561979543
-78.2889097342 -62.0188086856 24.7064261259 -41.1136262334
-86.641506412 -50.0518571137 21.927570609 -33.1680902099
-93.1130395313 -36.6920173885 19.9109856591 -24.3362450263
-97.5922284172 -22.2391090589 18.3624727346 -14.6775485802
-99.7220915142 -7.3109640349 17.6069850862 -5.69003232726
-99.3459403544 -0.479664716076 17.743063769 -1.0356774086
-99.9556562693 7.66774116017 17.4811907397 3.56037737527
-97.4310286131 22.1757106136 18.3508760591 13.0259627431
-92.7727215959 36.3334686136 19.9826885246 22.047026876
-86.9468754912 50.1421722431 21.9353782452 31.37957502
-78.2024589673 62.3831434903 25.0390302655 39.1772694808
-67.9032490666 73.0500401788 28.4105552452 46.5196250805
-56.25915113 82.6926948877 32.3344704747 52.605128338
-43.3779287531 90.117320959 36.5926601083 57.5715021589
-29.6910568073 95.6361855569 41.2283211074 61.0196114905
-14.9603519937 98.9982822991 45.7972966189 63.448157253
-0.124739203112 100.339825028 50.1063304309 64.3915795519
-0.360378895045 99.7714904201 50.2177691038 64.0430025232
