y dtrue dfit qtrue qfit ddtrue ddfit dqtrue dqfit
-0.95 0.80227 0.799426031609 -0.85709 -0.855290101703 0.52665 0.537161117931 -0.0836 -0.0457899613408
-0.931 0.800697484 0.798500785787 -0.84261004072 -0.840929075446 0.52879434 0.538018741116 -0.081928 -0.0514605333822
-0.912 0.799156736 0.797475858665 -0.82796875776 -0.826389420204 0.53089536 0.539001896262 -0.080256 -0.0562899489372
-0.893 0.797647756 0.796366820719 -0.81316944344 -0.811675507932 0.53295306 0.540092747842 -0.078584 -0.0603215236846
-0.874 0.796170544 0.795188419424 -0.79821539008 -0.796791710583 0.53496744 0.541274376222 -0.076912 -0.063598573303
-0.855 0.7947251 0.79395457926 -0.78310989 -0.781742400112 0.5369385 0.542530777667 -0.07524 -0.0661644134712
-0.836 0.793311424 0.792678401706 -0.76785623552 -0.766531948473 0.53886624 0.543846864338 -0.073568 -0.0680623598678
-0.817 0.791929516 0.791372165246 -0.75245771896 -0.751164727619 0.54075066 0.545208464291 -0.071896 -0.0693357281716
-0.798 0.790579376 0.790047325364 -0.73691763264 -0.735645109506 0.54259176 0.546602321481 -0.070224 -0.0700278340612
-0.779 0.789261004 0.788714514548 -0.72123926888 -0.719977466086 0.54438954 0.548016095758 -0.068552 -0.0701819932153
-0.76 0.7879744 0.787383542286 -0.70542592 -0.704166169315 0.546144 0.549438362868 -0.06688 -0.0698415213127
-0.741 0.786719564 0.786063395069 -0.68948087832 -0.688215591147 0.54785514 0.550858614455 -0.065208 -0.069049734032
-0.722 0.785496496 0.784762236391 -0.67340743616 -0.672130103535 0.54952296 0.552267258057 -0.063536 -0.0678499470519
-0.703 0.784305196 0.783487406746 -0.65720888584 -0.655914078433 0.55114746 0.553655617113 -0.061864 -0.0662854760511
-0.684 0.783145664 0.782245423633 -0.64088851968 -0.639571887796 0.55272864 0.555015930952 -0.060192 -0.0643996367084
-0.665 0.7820179 0.781041981552 -0.62444963 -0.623107903579 0.5542665 0.556341354806 -0.05852 -0.0622357447024
-0.646 0.780921904 0.779881952002 -0.60789550912 -0.606526497734 0.55576104 0.5576259598 -0.056848 -0.0598371157118
-0.627 0.779857676 0.778769383489 -0.59122944936 -0.589832042217 0.55721226 0.558864732955 -0.055176 -0.0572470654154
-0.608 0.778825216 0.777707501519 -0.57445474304 -0.573028908981 0.55862016 0.560053577191 -0.053504 -0.0545089094917
-0.589 0.777824524 0.776698708598 -0.55757468248 -0.55612146998 0.55998474 0.561189311323 -0.051832 -0.0516659636196
-0.57 0.7768556 0.775744584238 -0.54059256 -0.53911409717 0.561306 0.562269670061 -0.05016 -0.0487615434777
-0.551 0.775918444 0.774845884951 -0.52351166792 -0.522011162503 0.56258394 0.563293304015 -0.048488 -0.0458389647447
-0.532 0.775013056 0.77400254425 -0.50633529856 -0.504817037933 0.56381856 0.564259779688 -0.046816 -0.0429415430993
-0.513 0.774139436 0.773213672652 -0.48906674424 -0.487536095416 0.56500986 0.565169579482 -0.045144 -0.0401125942202
-0.494 0.773297584 0.772477558059 -0.47170929728 -0.470172699806 0.56615784 0.566024101276 -0.043472 -0.0373951782336
-0.475 0.7724875 0.77179177938 -0.45426625 -0.452730730782 0.5672625 0.566825534348 -0.0418 -0.0348148913295
-0.456 0.771709184 0.771153741279 -0.43674089472 -0.435213279834 0.56832384 0.567576275415 -0.040128 -0.0323689586392
-0.437 0.770962636 0.770560942079 -0.41913652376 -0.41762336624 0.56934186 0.568278636066 -0.038456 -0.0300520059944
-0.418 0.770247856 0.770010982214 -0.40145642944 -0.399964009275 0.57031656 0.568934833544 -0.036784 -0.0278586592263
-0.399 0.769564844 0.769501564227 -0.38370390408 -0.382238228217 0.57124794 0.569546990736 -0.035112 -0.0257835441664
-0.38 0.7689136 0.769030492771 -0.36588224 -0.364449042343 0.572136 0.570117136183 -0.03344 -0.0238212866463
-0.361 0.768294124 0.768595674607 -0.34799472952 -0.34659947093 0.57298074 0.570647204072 -0.031768 -0.0219665124972
-0.342 0.767706416 0.768195118604 -0.33004466496 -0.328692533255 0.57378216 0.571139034241 -0.030096 -0.0202138475508
-0.323 0.767150476 0.767826935744 -0.31203533864 -0.310731248595 0.57454026 0.571594372178 -0.028424 -0.0185579176383
-0.304 0.766626304 0.767489339115 -0.29397004288 -0.292718636226 0.57525504 0.572014869018 -0.026752 -0.0169933485914
-0.285 0.7661339 0.767180643916 -0.27585207 -0.274657715426 0.5759265 0.572402081547 -0.02508 -0.0155147662413
-0.266 0.765673264 0.766899267452 -0.25768471232 -0.256551505472 0.57655464 0.572757472201 -0.023408 -0.0141167964195
-0.247 0.765244396 0.766643729142 -0.23947126216 -0.23840302564 0.57713946 0.573082409064 -0.021736 -0.0127940649576
-0.228 0.764847296 0.766412650511 -0.22121501184 -0.220215295208 0.57768096 0.573378165869 -0.020064 -0.0115411976869
-0.209 0.764481964 0.766204755193 -0.20291925368 -0.201991333452 0.57817914 0.573645921999 -0.018392 -0.0103528204388
-0.19 0.7641484 0.766018868934 -0.18458728 -0.18373415965 0.578634 0.573886762488 -0.01672 -0.00922355904493
-0.171 0.763846604 0.765853919585 -0.16622238312 -0.165446793078 0.57904554 0.574101678017 -0.015048 -0.00814803933658
-0.152 0.763576576 0.765708937111 -0.14782785536 -0.147132253014 0.57941376 0.574291564917 -0.013376 -0.00712088714523
-0.133 0.763338316 0.765583053583 -0.12940698904 -0.128793558734 0.57973866 0.574457225169 -0.011704 -0.00613672830234
-0.114 0.763131824 0.765475503181 -0.11096307648 -0.110433729515 0.58002024 0.574599366403 -0.010032 -0.00519018863934
-0.095 0.7629571 0.765385622196 -0.09249941 -0.0920557846349 0.5802585 0.574718601897 -0.00836 -0.00427589398769
-0.076 0.762814144 0.765312849027 -0.07401928192 -0.0736627433697 0.58045344 0.57481545058 -0.006688 -0.00338847017881
-0.057 0.762702956 0.765256724184 -0.05552598456 -0.0552576249966 0.58060506 0.574890337031 -0.005016 -0.00252254304416
-0.038 0.762623536 0.765216890282 -0.03702281024 -0.0368434487927 0.58071336 0.574943591477 -0.003344 -0.00167273841518
-0.019 0.762575884 0.765193092051 -0.01851305128 -0.0184232340348 0.58077834 0.574975449793 -0.001672 -0.000833682123312
0 0.76256 0.765185176325 0 0 0.5808 0.574986053507 0 0
0.019 0.762575884 0.765193092051 0.01851305128 0.0184232340348 0.58077834 0.574975449793 0.001672 0.000833682123312
0.038 0.762623536 0.765216890282 0.03702281024 0.0368434487927 0.58071336 0.574943591477 0.003344 0.00167273841518
0.057 0.762702956 0.765256724184 0.05552598456 0.0552576249966 0.58060506 0.574890337031 0.005016 0.00252254304416
0.076 0.762814144 0.765312849027 0.07401928192 0.0736627433697 0.58045344 0.57481545058 0.006688 0.00338847017881
0.095 0.7629571 0.765385622196 0.09249941 0.0920557846349 0.5802585 0.574718601897 0.00836 0.00427589398769
0.114 0.763131824 0.765475503181 0.11096307648 0.110433729515 0.58002024 0.574599366403 0.010032 0.00519018863934
0.133 0.763338316 0.765583053583 0.12940698904 0.128793558734 0.57973866 0.574457225169 0.011704 0.00613672830234
0.152 0.763576576 0.765708937111 0.14782785536 0.147132253014 0.57941376 0.574291564917 0.013376 0.00712088714523
0.171 0.763846604 0.765853919585 0.16622238312 0.165446793078 0.57904554 0.574101678017 0.015048 0.00814803933658
0.19 0.7641484 0.766018868934 0.18458728 0.18373415965 0.578634 0.573886762488 0.01672 0.00922355904493
0.209 0.764481964 0.766204755193 0.20291925368 0.201991333452 0.57817914 0.573645921999 0.018392 0.0103528204388
0.228 0.764847296 0.766412650511 0.22121501184 0.220215295208 0.57768096 0.573378165869 0.020064 0.0115411976869
0.247 0.765244396 0.766643729142 0.23947126216 0.23840302564 0.57713946 0.573082409064 0.021736 0.0127940649576
0.266 0.765673264 0.766899267452 0.25768471232 0.256551505472 0.57655464 0.572757472201 0.023408 0.0141167964195
0.285 0.7661339 0.767180643916 0.27585207 0.274657715426 0.5759265 0.572402081547 0.02508 0.0155147662413
0.304 0.766626304 0.767489339115 0.29397004288 0.292718636226 0.57525504 0.572014869018 0.026752 0.0169933485914
0.323 0.767150476 0.767826935744 0.31203533864 0.310731248595 0.57454026 0.571594372178 0.028424 0.0185579176383
0.342 0.767706416 0.768195118604 0.33004466496 0.328692533255 0.57378216 0.571139034241 0.030096 0.0202138475508
0.361 0.768294124 0.768595674607 0.34799472952 0.34659947093 0.57298074 0.570647204072 0.031768 0.0219665124972
0.38 0.7689136 0.769030492771 0.36588224 0.364449042343 0.572136 0.570117136183 0.03344 0.0238212866463
0.399 0.769564844 0.769501564227 0.38370390408 0.382238228217 0.57124794 0.569546990736 0.035112 0.0257835441664
0.418 0.770247856 0.770010982214 0.40145642944 0.399964009275 0.57031656 0.568934833544 0.036784 0.0278586592263
0.437 0.770962636 0.770560942079 0.41913652376 0.41762336624 0.56934186 0.568278636066 0.038456 0.0300520059944
0.456 0.771709184 0.771153741279 0.43674089472 0.435213279834 0.56832384 0.567576275415 0.040128 0.0323689586392
0.475 0.7724875 0.77179177938 0.45426625 0.452730730782 0.5672625 0.566825534348 0.0418 0.0348148913295
0.494 0.773297584 0.772477558059 0.47170929728 0.470172699806 0.56615784 0.566024101276 0.043472 0.0373951782336
0.513 0.774139436 0.773213672652 0.48906674424 0.487536095416 0.56500986 0.565169579482 0.045144 0.0401125942202
0.532 0.775013056 0.77400254425 0.50633529856 0.504817037933 0.56381856 0.564259779688 0.046816 0.0429415430993
0.551 0.775918444 0.774845884951 0.52351166792 0.522011162503 0.56258394 0.563293304015 0.048488 0.0458389647447
0.57 0.7768556 0.775744584238 0.54059256 0.53911409717 0.561306 0.562269670061 0.05016 0.0487615434777
0.589 0.777824524 0.776698708598 0.55757468248 0.55612146998 0.55998474 0.561189311323 0.051832 0.0516659636196
0.608 0.778825216 0.777707501519 0.57445474304 0.573028908981 0.55862016 0.560053577191 0.053504 0.0545089094917
0.627 0.779857676 0.778769383489 0.59122944936 0.589832042217 0.55721226 0.558864732955 0.055176 0.0572470654154
0.646 0.780921904 0.779881952002 0.60789550912 0.606526497734 0.55576104 0.5576259598 0.056848 0.0598371157118
0.665 0.7820179 0.781041981552 0.62444963 0.623107903579 0.5542665 0.556341354806 0.05852 0.0622357447024
0.684 0.783145664 0.782245423633 0.64088851968 0.639571887796 0.55272864 0.555015930952 0.060192 0.0643996367084
0.703 0.784305196 0.783487406746 0.65720888584 0.655914078433 0.55114746 0.553655617113 0.061864 0.0662854760511
0.722 0.785496496 0.784762236391 0.67340743616 0.672130103535 0.54952296 0.552267258057 0.063536 0.0678499470519
0.741 0.786719564 0.786063395069 0.68948087832 0.688215591147 0.54785514 0.550858614455 0.065208 0.069049734032
0.76 0.7879744 0.787383542286 0.70542592 0.704166169315 0.546144 0.549438362868 0.06688 0.0698415213127
0.779 0.789261004 0.788714514548 0.72123926888 0.719977466086 0.54438954 0.548016095758 0.068552 0.0701819932153
0.798 0.790579376 0.790047325364 0.73691763264 0.735645109506 0.54259176 0.546602321481 0.070224 0.0700278340612
0.817 0.791929516 0.791372165246 0.75245771896 0.751164727619 0.54075066 0.545208464291 0.071896 0.0693357281716
0.836 0.793311424 0.792678401706 0.76785623552 0.766531948473 0.53886624 0.543846864338 0.073568 0.0680623598678
0.855 0.7947251 0.79395457926 0.78310989 0.781742400112 0.5369385 0.542530777667 0.07524 0.0661644134712
0.874 0.796170544 0.795188419424 0.79821539008 0.796791710583 0.53496744 0.541274376222 0.076912 0.063598573303
0.893 0.797647756 0.796366820719 0.81316944344 0.811675507932 0.53295306 0.540092747842 0.078584 0.0603215236846
0.912 0.799156736 0.797475858665 0.82796875776 0.826389420204 0.53089536 0.539001896262 0.080256 0.0562899489372
0.931 0.800697484 0.798500785787 0.84261004072 0.840929075446 0.52879434 0.538018741116 0.081928 0.0514605333822
0.95 0.80227 0.799426031609 0.85709 0.855290101703 0.52665 0.537161117931 0.0836 0.0457899613408
